             precision    recall  f1-score   support

          0     0.9345    0.9316    0.9331       980
          1     0.9673    0.9656    0.9665      1135
          2     0.8658    0.8818    0.8737      1032
          3     0.8477    0.8545    0.8511      1010
          4     0.8837    0.8666    0.8751       982
          5     0.8266    0.8498    0.8380       892
          6     0.8948    0.8967    0.8957       958
          7     0.9092    0.8959    0.9025      1028
          8     0.8457    0.8326    0.8391       974
          9     0.8563    0.8563    0.8563      1009

avg / total     0.8848    0.8846    0.8847     10000

