             precision    recall  f1-score   support

          0     0.9690    0.9888    0.9788       980
          1     0.9894    0.9912    0.9903      1135
          2     0.9548    0.9612    0.9580      1032
          3     0.9538    0.9614    0.9576      1010
          4     0.9695    0.9705    0.9700       982
          5     0.9729    0.9664    0.9696       892
          6     0.9730    0.9770    0.9750       958
          7     0.9703    0.9533    0.9617      1028
          8     0.9616    0.9517    0.9567       974
          9     0.9560    0.9485    0.9522      1009

avg / total     0.9672    0.9672    0.9672     10000

