             precision    recall  f1-score   support

          0     0.9121    0.9316    0.9218       980
          1     0.9553    0.9612    0.9583      1135
          2     0.8674    0.8556    0.8615      1032
          3     0.8252    0.8554    0.8401      1010
          4     0.8792    0.8819    0.8805       982
          5     0.8176    0.8240    0.8208       892
          6     0.8896    0.8831    0.8863       958
          7     0.9141    0.9008    0.9074      1028
          8     0.8220    0.7967    0.8092       974
          9     0.8580    0.8503    0.8542      1009

avg / total     0.8758    0.8758    0.8757     10000

