             precision    recall  f1-score   support

          0     0.9151    0.9347    0.9248       980
          1     0.9544    0.9586    0.9565      1135
          2     0.8636    0.8653    0.8645      1032
          3     0.8207    0.8564    0.8382      1010
          4     0.8690    0.8717    0.8704       982
          5     0.8447    0.8352    0.8399       892
          6     0.9051    0.8862    0.8956       958
          7     0.9194    0.8988    0.9090      1028
          8     0.8222    0.7926    0.8071       974
          9     0.8386    0.8494    0.8439      1009

avg / total     0.8766    0.8765    0.8765     10000

