             precision    recall  f1-score   support

          0     0.9759    0.9918    0.9838       980
          1     0.9912    0.9894    0.9903      1135
          2     0.9608    0.9729    0.9668      1032
          3     0.9617    0.9683    0.9650      1010
          4     0.9755    0.9745    0.9750       982
          5     0.9761    0.9619    0.9689       892
          6     0.9802    0.9802    0.9802       958
          7     0.9706    0.9630    0.9668      1028
          8     0.9648    0.9559    0.9603       974
          9     0.9573    0.9544    0.9558      1009

avg / total     0.9715    0.9715    0.9715     10000

