             precision    recall  f1-score   support

          0     0.9768    0.9898    0.9833       980
          1     0.9912    0.9894    0.9903      1135
          2     0.9588    0.9700    0.9644      1032
          3     0.9614    0.9614    0.9614      1010
          4     0.9736    0.9766    0.9751       982
          5     0.9740    0.9675    0.9708       892
          6     0.9762    0.9833    0.9797       958
          7     0.9715    0.9630    0.9673      1028
          8     0.9659    0.9589    0.9624       974
          9     0.9609    0.9504    0.9557      1009

avg / total     0.9712    0.9712    0.9712     10000

