             precision    recall  f1-score   support

          0     0.9280    0.9337    0.9308       980
          1     0.9649    0.9683    0.9666      1135
          2     0.8833    0.8731    0.8782      1032
          3     0.8519    0.8485    0.8502      1010
          4     0.8709    0.8656    0.8682       982
          5     0.8293    0.8386    0.8339       892
          6     0.9016    0.9081    0.9048       958
          7     0.9018    0.9027    0.9023      1028
          8     0.8493    0.8388    0.8440       974
          9     0.8502    0.8553    0.8528      1009

avg / total     0.8847    0.8848    0.8848     10000

